37
20 20 62 41 36 52 60 43 94 18 46 9 93 88 47 71 89 72 68 62 52 
7 24 10 95 81 9 13 73 
6 39 57 10 77 62 84 
82 83 58 46 54 28 40 20 53 52 72 34 36 70 37 39 81 85 52 21 4 37 42 72 27 97 95 97 6 8 95 79 62 14 73 98 21 50 10 48 70 64 62 77 83 56 66 43 18 95 68 31 25 57 36 1 83 90 14 1 77 72 29 80 95 31 50 63 97 98 75 75 8 97 50 14 46 4 5 10 47 49 36 
95 46 34 4 72 12 93 34 64 48 44 88 28 27 89 29 18 98 31 96 72 8 51 31 20 62 86 17 13 1 74 71 48 49 84 96 87 59 32 11 85 24 12 31 7 29 8 35 22 21 40 43 32 19 89 52 68 4 47 81 59 42 16 30 86 64 3 45 89 30 46 98 77 5 41 66 82 38 13 70 53 95 99 94 71 14 9 98 11 51 11 41 68 26 86 37 
13 72 65 78 10 53 23 92 37 51 6 96 53 1 
98 90 20 11 87 10 46 27 12 42 62 19 61 86 22 73 24 12 82 99 47 71 91 16 18 45 88 99 56 60 80 38 63 13 62 26 76 16 22 99 49 87 95 45 99 100 24 74 38 59 78 68 63 39 46 64 18 70 98 62 23 87 21 81 11 57 7 33 28 72 73 26 100 51 1 11 36 19 38 64 69 53 42 26 64 66 16 35 93 56 28 44 72 92 72 48 48 70 52 
83 62 37 2 20 81 25 19 51 82 82 30 75 75 92 82 41 77 73 29 10 77 50 91 83 11 76 58 12 4 29 28 98 56 86 46 1 58 90 24 66 49 38 72 36 74 37 66 80 48 18 3 6 40 25 27 19 18 28 9 66 36 72 75 22 70 24 51 64 8 35 9 56 65 12 58 34 2 8 89 68 76 30 30 
96 29 34 61 72 89 6 43 18 25 4 54 47 52 82 16 50 19 32 17 33 100 89 50 13 7 44 33 4 71 67 12 93 27 40 18 88 81 2 12 21 34 84 85 47 69 81 21 40 56 87 9 1 86 86 8 15 2 94 20 5 10 1 28 48 2 35 56 70 16 89 83 97 47 82 67 10 73 41 86 8 90 65 79 25 47 67 93 30 81 38 87 19 39 45 53 17 
25 69 24 26 59 58 75 12 82 76 52 95 14 81 58 65 10 42 35 58 17 74 41 100 61 49 
27 80 64 87 60 12 72 43 44 62 56 41 46 100 37 76 47 11 1 75 25 4 23 96 49 97 58 64 
24 94 43 45 55 29 14 86 33 48 65 35 69 46 24 58 57 24 7 74 78 22 69 94 83 
89 25 28 43 67 83 41 29 68 13 86 97 25 10 10 4 91 15 98 70 60 2 10 23 94 52 55 21 2 98 5 46 39 3 18 86 47 82 21 8 89 4 18 71 57 22 27 60 56 3 49 94 60 67 58 66 87 4 31 69 30 48 54 46 100 95 99 9 88 63 68 20 79 23 89 68 65 42 46 54 79 71 50 76 1 15 34 73 35 38 
18 46 1 36 2 85 77 9 40 8 49 37 10 8 34 68 11 41 71 
40 39 24 3 74 91 69 80 61 79 87 45 12 89 10 75 52 82 47 90 57 3 66 67 98 95 56 26 4 84 77 97 82 97 82 18 89 29 61 19 12 
5 63 79 79 15 79 
25 16 86 37 73 24 8 28 93 56 31 93 1 46 51 66 48 68 8 1 28 96 13 78 65 77 
73 42 22 48 100 9 6 66 71 66 38 4 28 67 31 30 79 94 90 69 1 26 46 2 43 83 71 9 11 90 47 86 55 70 46 24 59 20 76 16 26 32 60 35 61 98 5 58 25 77 9 1 74 6 9 77 1 23 6 100 86 12 86 10 43 21 19 18 55 29 41 76 67 22 
33 79 77 41 9 41 2 60 58 17 72 37 63 81 96 10 78 14 79 67 1 11 93 3 78 67 65 76 49 100 62 26 58 56 
94 33 30 92 4 28 44 10 88 73 41 49 10 73 25 71 95 26 10 20 63 69 60 83 44 22 97 15 33 2 18 16 71 53 65 70 82 22 86 100 52 43 64 52 68 83 13 70 52 35 12 79 86 48 89 48 17 8 34 3 25 36 51 7 92 93 11 58 52 17 75 50 24 64 51 84 34 37 11 54 73 82 60 4 81 72 69 45 31 62 93 29 52 51 70 
83 80 32 58 54 90 90 23 33 89 80 86 7 64 4 71 65 10 20 28 16 56 90 11 27 90 5 75 77 21 96 39 33 84 19 98 23 65 66 28 69 25 21 39 89 81 86 43 46 88 48 95 2 43 66 10 92 59 49 89 29 37 97 18 2 92 39 87 8 88 19 86 16 5 91 27 77 90 19 32 5 48 59 97 
6 52 42 67 70 15 39 
64 28 82 67 97 32 58 99 19 5 3 70 9 2 69 54 49 41 98 85 73 74 48 38 43 91 51 25 82 43 66 16 69 77 94 18 81 36 34 78 63 69 38 92 37 53 9 86 86 4 99 22 69 26 1 94 24 56 74 21 48 43 42 36 87 
66 15 14 31 7 76 43 81 7 90 73 15 44 15 42 80 57 98 46 26 44 41 81 75 59 2 73 70 25 63 67 65 63 18 26 16 38 94 2 2 14 57 20 50 75 21 66 17 36 81 81 94 9 83 53 54 22 40 45 50 18 63 10 46 68 33 6 
10 47 29 83 33 80 23 48 89 25 70 
27 31 47 14 66 14 36 94 60 20 32 20 99 35 11 1 79 73 79 27 71 39 74 90 81 11 37 96 
64 67 52 31 73 80 75 7 83 9 12 85 66 72 47 46 92 86 36 100 19 9 80 82 53 22 23 65 3 58 84 44 55 48 2 73 37 51 22 46 56 85 62 75 30 69 29 58 81 43 25 95 80 89 98 71 71 67 6 28 93 1 71 27 8 
8 55 57 62 2 44 34 76 45 
88 82 98 55 2 56 81 45 97 3 55 61 34 28 54 23 7 42 3 93 12 13 71 18 20 2 34 74 6 64 83 12 69 38 13 3 50 61 25 5 53 37 43 4 38 93 89 69 28 34 41 75 11 67 84 51 40 42 63 1 52 7 77 73 20 79 53 18 98 68 19 80 16 34 77 44 6 68 27 91 92 20 1 58 100 33 21 8 97 
56 43 42 62 62 10 33 93 5 35 57 67 53 100 7 94 60 78 75 20 53 40 45 58 94 53 31 56 86 100 95 42 48 48 27 11 44 34 11 92 66 48 89 55 30 61 100 30 49 46 98 47 79 56 47 73 85 
66 77 20 49 88 87 88 74 94 86 8 1 44 64 59 82 72 52 50 36 3 60 69 41 74 24 52 99 21 7 1 46 53 59 43 85 93 71 57 88 80 40 95 3 75 49 57 69 35 95 15 84 86 98 8 26 72 41 49 18 60 13 46 43 43 20 29 
41 90 37 100 66 98 77 100 38 81 77 16 48 27 67 6 88 29 63 46 1 17 69 48 6 71 75 26 86 15 57 34 31 71 31 35 15 85 67 12 45 58 
88 27 81 34 53 87 84 92 12 29 47 87 35 94 83 54 29 55 21 54 71 77 20 66 14 1 10 56 74 55 65 77 9 62 13 4 84 17 71 24 89 3 91 1 7 49 14 54 43 90 56 96 1 47 89 22 35 13 28 67 45 1 74 49 24 66 44 77 27 98 39 61 27 13 32 52 17 14 95 7 34 68 13 32 20 28 33 79 57 
62 29 82 34 8 22 58 68 59 2 93 12 47 85 43 84 48 74 36 31 74 62 30 77 61 87 57 82 52 59 40 13 58 32 80 85 11 62 98 16 80 7 90 80 28 3 8 28 77 11 49 39 79 28 66 89 59 42 44 96 52 27 14 
95 87 88 75 17 74 1 6 80 26 76 33 35 20 17 48 5 58 54 55 31 92 4 80 1 31 49 56 91 30 72 14 50 44 59 57 58 56 26 60 66 7 31 37 53 33 26 69 84 41 78 75 86 30 14 21 60 88 11 43 97 99 60 78 28 74 62 92 30 52 12 62 92 27 46 81 3 20 95 33 97 13 46 72 56 34 23 78 87 67 50 41 62 77 82 82 
85 95 58 46 77 57 30 5 1 98 95 23 23 49 24 60 23 6 69 43 97 79 55 27 62 19 87 74 83 38 65 96 69 80 31 92 24 76 9 97 39 49 36 28 83 38 97 2 53 96 34 83 42 25 33 1 43 63 10 63 28 76 96 74 81 47 92 71 67 22 52 28 67 15 66 62 83 42 46 100 76 7 13 7 98 56 
61 40 9 23 65 84 40 6 67 61 36 15 83 21 17 8 89 32 96 65 61 27 71 75 29 78 39 88 57 66 48 95 85 51 32 52 79 19 8 94 41 72 9 76 83 21 78 32 62 83 15 88 99 39 10 35 40 9 26 59 77 44 
89 96 63 93 4 96 51 3 13 52 98 36 45 1 67 23 51 8 45 60 51 94 3 38 4 78 38 96 28 42 85 19 27 21 92 22 30 39 44 66 72 95 6 35 75 12 29 64 80 39 41 97 47 95 49 25 98 42 15 64 60 35 28 29 32 54 92 86 37 100 50 46 35 3 70 13 49 13 55 63 72 97 61 16 13 66 27 9 85 32 
2 64 48 
54 73 22 15 49 75 60 5 48 16 26 94 28 26 74 20 41 13 25 87 24 70 80 2 60 57 49 14 28 11 90 51 20 99 30 83 29 79 89 27 45 25 63 63 43 96 82 94 33 53 90 34 91 4 83 
94 6 88 85 81 41 84 20 95 77 60 35 54 81 25 56 14 26 77 49 92 79 38 7 54 33 71 28 33 1 95 63 18 55 63 83 48 29 40 55 70 13 11 64 58 10 5 11 4 29 70 10 24 5 7 64 99 70 74 26 92 50 21 25 80 55 12 24 33 23 24 69 87 89 4 34 74 24 52 91 65 30 11 86 31 47 32 34 100 28 49 8 49 48 93 
62 78 53 81 75 32 47 38 65 74 89 89 69 55 29 1 49 47 88 83 63 16 82 95 49 98 78 78 100 58 45 67 90 76 55 20 26 93 73 87 20 42 98 81 91 40 5 86 92 30 76 14 13 85 45 84 80 34 67 16 52 55 51 
95 2 35 87 70 91 52 58 53 86 60 15 8 88 60 14 8 95 45 20 65 100 91 60 34 95 81 91 55 71 98 73 17 87 97 21 89 43 88 43 42 70 39 3 32 54 43 73 4 29 99 71 14 10 91 67 89 13 46 34 87 30 27 14 5 34 87 88 31 93 10 53 63 64 95 77 4 61 52 26 41 58 63 62 97 77 4 20 88 29 61 12 78 25 16 63 
64 45 37 52 87 94 19 43 74 32 75 13 58 19 84 64 13 19 38 45 80 48 96 95 89 62 32 59 22 81 87 51 98 61 87 37 44 62 66 9 2 49 5 86 94 24 88 14 98 69 50 31 76 76 58 91 33 61 48 75 68 9 90 40 90 
35 68 57 42 74 73 63 39 23 84 12 81 20 58 73 74 8 80 57 96 47 78 70 39 82 55 64 58 97 17 22 19 88 17 16 72 
73 78 79 51 66 73 85 40 72 14 72 19 45 95 7 20 98 11 92 68 84 17 48 46 80 82 85 70 29 81 67 84 93 9 27 62 33 85 44 95 30 90 52 99 77 27 38 25 1 40 97 76 30 68 24 89 81 8 86 65 30 83 60 68 74 12 54 80 18 58 55 15 73 47 
87 20 9 17 18 87 33 44 84 89 27 45 88 55 21 33 97 71 76 99 94 16 82 88 92 65 49 90 96 92 63 47 94 45 73 78 34 29 98 51 6 92 91 27 4 16 29 85 91 83 88 65 85 14 3 62 27 59 72 48 85 24 30 14 12 58 16 60 31 25 42 43 20 49 87 59 79 33 96 83 16 41 71 61 60 4 66 39 
63 85 89 4 11 57 44 48 15 32 89 42 27 16 53 21 25 28 76 66 21 30 14 8 50 6 46 15 57 68 65 80 39 64 82 74 22 44 87 77 21 92 82 32 6 17 35 99 12 26 21 42 84 8 97 79 20 49 64 65 68 66 68 20 
10 84 38 25 92 24 70 93 69 13 99 
46 77 7 95 24 83 34 22 95 6 90 86 91 1 10 37 28 7 11 56 15 12 45 68 81 2 39 85 48 66 29 44 78 68 57 11 42 56 62 29 44 81 90 66 83 39 60 
85 22 49 6 1 59 13 6 17 27 55 65 19 96 56 34 95 26 62 68 97 77 34 1 42 45 55 54 65 97 74 74 93 23 20 74 13 15 63 71 9 100 83 46 57 60 100 93 40 20 74 34 84 75 71 78 72 34 11 1 3 96 18 74 94 33 22 2 89 8 92 96 48 3 85 26 85 43 67 83 60 48 8 78 99 17 
24 26 95 71 71 77 69 7 20 97 53 63 74 12 63 83 18 85 36 81 75 65 7 64 20 
59 38 50 48 7 64 35 38 53 65 84 63 4 9 5 33 56 27 49 50 34 36 90 83 99 76 59 52 12 41 54 39 30 19 87 47 47 47 7 60 56 54 32 99 47 77 39 47 67 98 66 69 28 48 39 55 55 33 78 74 
83 69 72 45 10 28 65 57 91 13 20 36 94 98 60 39 42 76 32 23 79 38 91 10 4 80 14 81 33 69 46 46 15 30 12 48 17 73 54 80 42 72 50 86 36 10 92 73 33 3 53 53 7 31 27 17 51 7 60 28 88 96 95 38 22 49 36 24 2 83 35 1 73 91 25 54 76 84 47 43 6 84 35 80 
44 38 81 50 80 42 83 92 81 65 51 64 55 82 22 29 71 95 33 22 24 4 35 73 44 53 44 100 32 44 99 36 66 96 70 84 20 38 97 68 40 60 92 34 40 
86 92 18 79 85 56 1 72 69 40 66 77 23 31 18 92 43 37 80 66 69 72 45 18 31 60 64 73 90 87 67 57 30 87 8 9 30 56 23 60 98 35 49 89 5 100 17 33 80 16 86 59 98 55 5 29 19 16 22 36 100 13 16 89 74 98 5 51 96 75 74 31 57 41 71 89 100 6 9 2 48 4 58 71 34 83 78 
22 14 39 75 75 84 62 28 31 7 34 6 28 85 48 80 82 94 8 84 18 66 13 
22 86 48 60 77 28 29 92 67 21 29 29 95 99 49 2 64 12 48 52 27 30 46 
27 2 65 93 81 82 99 44 15 91 51 82 53 46 27 5 4 76 65 32 69 76 9 89 82 79 9 80 
33 22 43 80 7 14 48 78 1 91 33 22 11 100 92 63 70 85 96 55 16 76 15 64 11 37 96 93 59 93 29 38 89 43 
82 94 54 11 46 49 30 56 83 60 34 55 69 89 43 12 24 13 53 93 3 34 2 21 5 7 90 95 43 89 57 54 70 1 75 1 76 57 46 57 58 11 16 83 19 23 45 34 71 5 75 17 26 19 54 39 80 68 86 37 10 14 20 93 5 8 20 10 88 28 3 70 26 69 4 73 58 15 37 84 40 8 28 
90 60 17 78 33 52 27 34 93 61 11 80 59 25 34 60 82 18 82 96 89 70 26 34 76 20 19 58 38 75 44 100 37 60 11 39 73 58 46 19 67 100 39 9 84 91 35 22 45 96 3 85 85 8 60 43 61 24 98 27 52 18 70 8 15 41 38 91 40 67 19 6 12 25 19 67 91 45 68 2 83 91 46 30 60 12 55 80 77 88 57 
1 64 
83 58 96 75 94 86 70 53 12 85 23 72 68 46 28 76 78 63 79 30 16 50 69 60 78 5 4 90 14 61 42 36 98 23 35 71 38 74 82 42 80 92 11 71 78 32 52 8 30 93 30 3 70 83 5 50 71 73 6 63 61 63 91 72 51 42 28 25 3 38 3 65 76 46 57 14 36 33 4 34 37 7 80 45 
85 83 61 24 89 65 84 14 11 3 87 56 26 46 25 24 79 21 100 94 11 14 53 67 69 53 27 38 57 92 66 71 83 99 3 76 97 47 99 48 100 97 57 34 14 13 11 7 59 96 24 36 64 80 25 85 6 98 5 18 49 34 73 91 24 89 94 52 59 66 95 20 82 84 72 86 75 100 46 34 1 90 84 80 30 39 
9 56 50 70 53 75 79 7 29 55 
19 34 55 56 4 60 36 36 35 6 96 51 17 47 91 89 6 89 8 14 
16 67 32 36 19 84 28 18 95 21 15 44 15 22 31 9 74 
54 15 21 58 100 61 94 27 44 57 89 17 30 100 33 65 71 48 82 42 76 58 73 4 89 65 30 60 72 65 51 45 83 35 57 2 71 71 13 76 52 6 25 100 94 83 69 73 56 12 73 78 59 92 21 
35 53 55 20 59 18 62 62 64 32 50 85 49 85 89 53 2 86 89 38 24 1 81 94 54 59 99 30 25 79 95 9 30 65 57 30 
57 18 39 86 31 25 25 38 41 43 36 4 19 41 100 3 56 78 30 75 54 40 85 60 43 51 7 51 73 55 13 96 42 43 68 70 6 57 68 44 75 41 88 4 29 5 27 75 64 63 95 94 97 94 41 84 46 68 
83 92 15 56 7 57 70 7 88 82 42 85 87 14 89 94 14 65 1 65 22 43 30 52 4 74 17 75 44 60 95 71 22 72 78 73 67 95 42 45 87 69 9 67 57 23 16 4 7 20 46 38 76 12 73 95 50 10 37 80 1 4 21 39 37 97 70 76 91 93 81 62 53 72 11 83 83 24 96 85 14 9 2 54 
16 7 100 100 21 27 57 92 17 51 66 5 27 69 89 7 16 
90 43 39 65 66 56 97 84 10 41 47 3 10 47 74 89 19 48 68 12 64 11 65 60 10 48 61 44 77 72 93 34 72 16 57 62 99 70 82 9 46 56 29 12 76 100 58 60 35 71 23 35 50 78 22 3 4 73 10 40 72 24 58 10 87 13 38 84 88 35 52 25 85 62 27 72 85 20 71 52 65 33 35 20 74 95 79 7 26 92 17 
